# l96
ns <- 40
F <- 8
dt <- 0.05
nt.spinup <- 1000
nt <- 1000
r <- 4

# var
b <- 1
nw <- 4
ni <- 100
a <- 0.1
g.break <- 1e-8

# ens
ne <- 20
fil <- "eakf"
c.loc <- 4
infl <- 1.01


